4
48
1,2
1,5
2,3
2,4
2,5
3,4
3,7
4,5
4,6
4,7
5,6
5,8
5,9
6,7
6,9
6,10
7,11
8,9
8,12
8,13
9,10
9,13
9,14
10,11
10,14
10,15
10,16
11,16
11,17
12,13
12,18
13,14
13,18
13,19
14,15
14,19
14,20
15,16
15,20
16,17
16,20
16,21
17,21
17,22
18,19
18,23
19,20
19,23
19,24
20,21
20,24
20,25
20,29
21,22
21,25
21,26
22,26
23,24
23,27
24,28
24,29
25,26
25,29
25,30
25,33
25,34
25,35
26,30
27,28
27,31
28,29
28,31
29,31
29,32
29,33
30,35
30,36
31,32
31,39
32,33
32,39
32,40
33,34
33,40
34,35
34,37
35,36
35,37
38,39
38,42
38,43
38,44
38,45
39,40
39,41
39,45
40,41
41,45
42,43
42,47
43,44
43,46
43,47
44,46
47,48
50,3
3,78
5,5