4
200
146,3
68,18
178,4
94,100
51,114
103,107
51,152
42,41
41,21
121,7
76,89
85,53
113,119
97,48
140,79
54,16
181,123
180,156
109,91
100,13
72,152
103,109
25,20
128,102
153,165
51,56
20,7
2,27
156,85
40,41
111,10
95,28
9,12
54,158
106,19
4,1
180,145
117,15
14,20
193,73
171,187
157,151
126,28
165,16
32,76
133,158
4,54
12,135
44,22
105,13
9,12
142,133
16,3
91,89
69,106
54,63
158,161
63,157
156,194
119,20
162,164
44,131
106,112
34,134
108,12
187,88
112,137
35,115
49,86
160,109
119,11
14,45
35,93
119,188
18,49
16,22
46,88
120,159
26,15
183,165
178,91
1,32
79,61
4,103
129,21
27,2
107,182
52,77
159,131
187,52
137,188
91,79
65,15
143,53
3,103
152,180
19,7
196,119
69,53
57,158
128,130
28,127
11,61
10,4
165,79
190,121
26,39
116,112
57,63
78,31
107,20
109,29
68,167
69,72
1,100
56,68
121,101
16,14
15,41
157,150
9,82
140,189
12,74
150,106
175,176
151,63
82,61
6,3
98,66
105,104
60,62
63,91
99,62
35,10
162,159
112,13
65,18
6,115
11,4
133,46
121,22
152,183
2,16
159,104
19,66
35,82
130,76
54,57
110,11
10,21
94,88
119,146
84,145
134,131
115,117
12,4
114,168
83,77
63,1
117,119
156,59
4,66
126,125
52,65
28,34
11,20
163,154
26,40
170,119
25,48
64,61
90,178
44,6
82,29
95,77
5,8
100,1
91,41
72,96
54,186
63,10
196,140
176,2
94,79
7,82
72,64
5,112
1,58
3,105
12,6
89,79
63,64
63,54
161,102
140,141
19,44
115,164
101,106
86,197
165,115
140,47
29,30
32,19
32,37
92,191
77,44
10,69
3,13
52,104
123,41
4,62
13,59
108,105
92,49
112,100
78,103
4,2
196,8
13,112
18,116
33,182
82,176
121,14
8,23
6,4
38,187
27,14
7,1
26,77
16,121
85,33
29,4
86,32
165,16
102,128
166,191
32,35
72,16
77,63
12,18
31,4
128,130
3,4
159,65
63,136
55,153
68,187
59,71
63,112
103,156
178,39
7,16
69,56
6,7
13,125
176,151
32,34
4,12
26,32
26,103
120,88
84,38
7,105
140,126
118,70
144,182
169,157
38,179
3,104
14,33
21,15
159,33
118,107
66,45
8,106
70,107
108,60
2,155
92,191
132,113
65,162
43,90
82,57
14,16
14,98
16,140
195,158
182,105
111,29
5,52
172,119
125,128
54,27
10,84
178,79
140,41
125,134
29,47
1,20
26,4
94,7
128,31
82,57
183,76
102,2
118,116
177,102
140,138
38,134
55,80
70,8
20,16
131,7
41,134
107,159
64,154
67,63
100,115
63,10
54,150
82,27
105,108
65,105
91,94
190,193
83,85
137,149
44,22
171,106
69,65
57,23
49,54
66,162
103,18
63,69
2,55
113,7
23,69
46,126
141,19
53,54
118,19
51,128
1,106
187,162
32,142
18,24
89,141
64,26
4,28
178,5
137,38
180,87
82,7
10,82
38,153
137,31
1,77
139,138
20,69
152,107
57,6
142,46
102,15
7,13
16,103
116,104
16,190
131,103
70,16
45,118
175,126
131,128
112,100
125,28
100,76
100,26
13,146
45,6
61,13
162,69
7,2
78,31
91,94
4,137
127,133
32,29
55,3
197,147
136,37
96,43
136,130
151,100
16,7
20,146
131,167
10,9
3,125
87,121
58,166
8,179
14,18
19,7
41,115
111,98
125,76
115,165
131,109
126,33
113,141
57,192
132,4
103,101
156,6
1,4
139,44
67,64
26,29
61,116
131,132
7,100
106,4
159,60
169,32
100,45
151,163
105,37
138,187
58,194
4,26
150,26
6,102
133,125
106,103
69,51
193,99
3,4
81,187
20,80
175,140
77,90
10,47
85,36
5,122
41,4
163,14
17,104
41,87
103,128
35,38
35,78
115,116
50,95
108,9
178,1
27,138
69,19
17,115
103,54
2,79
41,22
9,15
16,28
68,54
14,3
5,55
175,126
28,9
164,163
110,117
199,173
143,73
26,38
104,11
94,41
